100
74 64 38 5 59 7 38 78 67 46 77 85 72 12 68 27 45 37 57 1 94 16 44 64 72 95 73 48 17 21 15 28 74 78 72 82 50 20 75 26 22 16 72 8 50 1 78 48 16 97 47 78 68 46 74 90 55 12 93 12 30 95 48 76 44 98 52 44 58 32 73 16 99 91 45 14 69 20 19 19 71 48 77 8 21 80 71 45 86 97 56 87 84 74 2 31 78 91 91 46
22 49 84 4 100 77 45 66 88 7 90 34 32 82 81 44 1 56 85 46 51 19 34 23 16 87 22 40 30 32 22 59 27 89 42 86 47 100 5 35 35 61 15 14 65 76 15 16 37 56 71 58 60 48 44 33 17 84 71 69 29 52 63 62 41 23 13 39 84 68 36 50 95 96 51 51 34 66 51 7 49 73 24 8 52 97 86 29 96 90 52 4 82 55 50 28 44 35 87 95
63 17 56 57 75 28 94 22 24 43 80 21 6 75 12 93 100 100 45 44 0 63 60 33 80 91 85 60 2 90 23 49 64 31 40 62 84 9 85 14 79 0 35 84 68 77 31 6 67 40 57 92 21 3 38 38 14 48 2 28 24 34 23 43 61 12 67 84 48 40 68 5 65 43 39 81 89 15 95 78 76 5 13 52 6 94 35 88 22 71 38 6 53 3 89 97 95 30 29 1
12 60 28 58 0 50 35 9 93 39 67 19 83 73 40 84 55 3 20 18 97 19 96 11 70 0 81 89 54 88 12 63 11 58 88 32 83 99 32 65 21 76 73 71 38 29 91 53 72 71 16 71 86 43 21 35 70 6 96 88 29 33 68 0 33 73 6 65 12 24 99 7 55 66 27 89 6 25 26 44 44 71 88 51 50 98 68 65 16 42 44 70 39 84 9 67 40 12 77 7
37 75 69 92 75 70 38 76 19 82 12 73 82 59 54 3 76 55 23 58 49 38 26 59 99 92 27 99 51 81 6 70 83 45 85 38 14 11 99 2 30 9 29 25 37 12 85 91 44 58 62 80 61 50 65 86 28 6 95 96 71 64 77 47 71 42 65 82 26 14 61 28 95 17 75 54 75 80 66 64 89 10 96 59 46 73 11 1 28 8 7 42 6 33 29 51 79 8 63 18
6 94 16 99 5 35 43 27 28 53 6 7 93 76 63 40 87 11 68 82 65 11 82 14 85 69 100 40 9 65 29 19 7 55 40 96 68 9 2 18 46 38 86 79 12 91 27 20 2 26 1 24 92 89 22 40 26 4 18 48 78 74 51 84 49 2 100 45 0 2 67 63 73 34 72 36 38 11 55 69 68 75 81 0 52 61 43 80 18 28 53 6 100 96 9 43 71 7 35 78
29 89 30 78 35 6 24 75 35 55 33 4 35 78 99 39 22 13 16 90 36 33 29 3 27 91 3 14 78 69 83 25 43 1 62 27 27 30 6 93 59 64 76 42 36 22 67 93 38 88 50 25 0 37 0 21 41 23 82 52 82 18 24 76 26 78 5 87 47 44 56 38 58 88 49 91 43 29 67 26 13 85 0 4 53 88 50 32 59 13 58 32 70 78 17 6 51 17 79 45
48 96 51 38 27 87 96 63 15 24 61 39 76 16 7 41 19 99 41 30 0 99 55 49 61 100 33 26 76 71 73 23 46 16 71 69 16 71 92 29 12 91 71 16 91 0 58 94 53 6 33 72 7 20 32 84 59 7 91 62 52 61 50 80 86 48 36 0 15 36 12 0 37 60 2 48 0 69 48 65 80 80 3 65 96 66 90 63 10 51 39 44 69 97 42 40 6 45 53 49
8 33 49 42 65 49 6 59 4 22 68 89 65 55 87 59 74 52 56 21 87 58 52 34 64 20 19 5 67 33 78 7 13 38 1 55 55 90 59 17 53 24 40 92 45 61 86 54 34 76 67 10 79 62 67 75 48 96 17 34 7 49 93 93 22 19 32 57 60 59 74 7 47 46 48 97 26 62 96 79 52 23 66 10 93 76 49 27 12 41 72 42 91 7 6 0 52 7 22 2
25 12 6 32 29 31 68 21 97 99 98 24 45 3 63 20 30 53 20 43 84 8 86 93 0 10 89 23 62 43 59 79 51 86 48 97 14 89 49 38 10 75 34 26 48 29 65 80 66 94 39 46 38 75 29 89 30 87 37 29 42 35 87 56 94 45 15 97 49 21 62 61 48 47 19 22 30 83 8 13 53 78 64 58 4 62 84 82 32 48 10 86 55 46 87 58 10 24 95 40
5 56 36 20 22 45 6 9 32 7 45 19 81 84 72 1 13 29 97 51 43 12 18 85 44 80 27 25 48 61 1 56 9 39 14 45 29 81 35 15 11 59 56 20 53 34 82 79 82 20 76 72 16 38 29 71 50 26 61 1 14 0 86 83 27 61 0 91 59 68 76 88 29 70 62 56 15 56 52 81 60 80 47 84 71 66 69 61 44 74 95 51 10 31 39 99 87 20 2 65
75 27 15 79 57 9 83 68 51 14 47 51 28 15 71 83 56 9 81 38 80 55 74 39 45 11 41 81 24 0 90 72 63 54 22 11 38 87 68 37 59 56 52 82 24 47 59 32 92 57 20 22 14 5 90 9 34 52 54 41 66 4 36 76 65 91 29 53 20 8 100 10 78 12 75 55 9 83 21 13 39 74 72 49 59 82 9 88 17 14 39 80 78 92 78 88 3 77 32 58
96 42 45 100 69 100 30 38 46 14 66 38 72 10 19 97 23 63 36 60 68 21 49 98 25 81 79 23 60 88 30 17 5 81 46 45 11 32 38 64 73 19 78 15 95 12 12 98 100 29 36 87 40 46 95 50 48 7 21 21 43 88 8 33 1 91 79 97 42 81 26 91 4 8 51 93 44 62 11 20 43 49 55 4 32 25 89 100 21 78 31 15 89 94 34 88 58 65 23 22
14 49 79 36 17 54 97 93 49 74 20 58 58 89 35 95 16 92 4 89 24 51 55 38 50 0 71 77 3 24 0 52 61 46 30 80 12 54 91 15 73 56 97 35 64 83 80 76 89 57 17 40 71 30 59 27 70 29 96 76 0 40 39 99 50 80 20 10 46 96 82 12 90 54 72 15 95 44 99 75 45 89 51 78 85 69 5 95 20 72 16 60 29 40 24 92 40 58 62 60
4 96 57 49 25 63 8 95 84 51 99 62 27 33 20 15 85 73 95 39 71 4 66 51 51 65 54 74 84 67 47 31 61 66 71 53 35 55 63 0 10 1 57 51 53 69 98 15 87 75 50 32 55 10 61 55 78 1 11 50 10 75 96 41 97 98 24 31 73 59 50 70 67 72 7 21 86 34 59 100 8 27 35 53 7 73 1 6 1 36 19 68 67 24 75 50 92 94 99 14
84 10 54 2 38 48 15 19 23 47 91 95 69 6 76 92 27 12 69 73 79 45 51 43 42 46 11 18 91 45 53 11 99 55 61 0 94 75 72 11 1 33 16 58 87 32 30 4 10 40 37 80 49 53 7 44 84 80 16 66 79 18 5 51 47 48 77 21 1 89 88 13 53 16 93 65 35 93 100 17 44 35 60 9 80 59 5 84 39 70 48 78 100 64 51 89 21 63 28 49
32 70 61 8 62 84 36 63 82 2 91 35 54 6 62 76 16 81 32 44 73 19 1 35 54 0 88 4 92 46 29 13 93 10 15 94 13 37 98 16 77 25 15 95 15 71 56 81 13 70 100 75 51 63 13 92 40 96 17 23 73 67 95 28 56 63 100 41 76 59 74 47 79 5 0 22 95 12 11 35 57 38 73 80 8 86 74 67 31 84 17 19 50 72 47 21 42 49 10 48
16 12 23 46 29 96 14 80 100 15 4 9 98 22 35 91 69 9 99 18 57 18 65 49 18 84 41 54 57 44 95 12 36 85 6 47 21 85 83 100 59 4 75 86 37 60 90 14 21 35 76 2 65 7 35 56 2 63 3 38 34 71 51 92 87 6 22 29 66 53 65 53 70 79 23 65 63 93 51 82 55 40 14 0 8 31 84 30 45 66 20 1 38 93 53 68 0 53 17 21
98 24 47 44 18 14 96 45 4 32 32 67 52 17 34 31 80 11 3 4 84 96 96 37 14 88 46 35 16 65 35 74 75 84 30 87 19 86 35 100 0 57 20 71 13 42 13 55 81 17 66 8 96 14 37 25 42 41 27 21 1 3 21 17 0 91 74 15 100 87 87 23 0 14 44 69 36 83 87 24 37 10 70 48 78 69 5 12 31 19 95 22 8 68 56 94 62 95 67 28
57 76 15 46 93 78 22 32 94 69 14 53 95 7 53 1 85 86 14 65 40 68 57 7 10 8 61 55 97 52 99 69 79 34 63 67 50 36 33 15 4 55 75 31 88 36 69 77 4 48 63 17 14 87 39 17 90 36 97 98 50 39 46 98 91 45 6 39 0 10 18 55 16 77 59 85 0 78 54 82 24 89 67 81 58 65 73 9 28 40 8 37 13 32 15 71 85 80 16 43
63 6 82 81 77 80 69 68 27 79 5 60 4 13 78 16 85 89 63 33 17 71 79 4 46 24 75 50 30 9 32 13 42 86 68 33 69 30 54 54 21 0 10 65 3 88 86 52 92 55 7 72 46 34 65 49 59 93 44 8 71 86 25 43 27 99 34 99 95 8 6 64 33 2 38 88 91 97 42 51 86 10 95 19 12 21 17 48 31 70 79 95 2 50 100 75 23 45 91 87
60 4 42 43 100 44 2 90 26 97 19 18 33 65 100 77 31 53 46 21 39 54 75 41 25 27 74 74 84 1 20 86 44 64 94 22 21 75 100 60 73 21 88 94 75 59 45 64 37 15 64 28 7 34 23 63 68 31 64 31 3 100 11 16 81 45 28 57 78 10 75 30 95 32 76 11 4 2 25 41 46 9 5 83 47 70 25 3 34 78 10 22 49 77 18 5 64 61 80 20
28 39 64 25 36 61 9 81 2 51 4 51 18 43 58 7 42 20 14 23 60 9 76 22 68 51 97 2 75 50 30 0 11 35 96 37 73 25 43 13 89 27 35 5 56 95 47 68 82 44 6 71 100 52 99 89 100 73 89 53 24 66 22 1 23 41 74 6 56 93 11 81 8 56 37 85 50 39 66 43 7 40 5 27 60 55 85 49 66 24 96 52 75 100 78 55 26 30 67 53
87 79 53 40 63 8 2 81 0 6 66 44 0 71 51 37 20 74 75 1 83 61 29 34 6 24 18 42 81 98 82 2 13 48 56 70 77 82 66 51 65 18 68 79 32 5 85 91 9 75 94 51 3 68 80 4 43 14 8 35 84 55 93 87 23 92 49 23 92 89 52 25 7 60 29 38 83 83 24 79 48 61 8 49 21 8 26 5 31 78 39 48 82 99 90 45 54 94 0 8
62 36 15 65 74 83 40 69 26 28 63 4 90 57 90 17 5 14 18 77 36 95 73 61 63 97 34 21 67 62 69 4 92 14 40 95 3 56 50 58 31 53 65 67 35 59 14 43 86 33 10 50 25 49 93 40 57 7 81 25 80 63 72 56 10 75 74 59 19 81 94 15 12 83 97 64 59 61 23 76 93 15 52 52 26 27 32 14 58 87 10 34 66 25 88 5 6 10 92 68
84 19 37 40 20 61 11 63 42 80 81 73 67 3 63 41 61 24 39 54 97 35 24 8 56 16 49 16 61 20 31 17 65 68 58 69 46 30 60 36 9 5 1 84 90 44 76 61 73 29 34 71 4 36 31 45 87 84 90 37 84 36 23 49 68 65 98 14 92 2 94 26 81 37 78 67 86 40 85 31 47 56 86 56 41 83 69 67 72 10 58 73 7 92 66 91 36 48 47 45
17 73 29 69 64 35 18 81 7 35 85 44 26 67 80 16 5 34 78 6 94 83 77 53 62 58 53 29 72 18 32 75 77 69 95 7 96 33 25 99 56 52 94 58 27 69 74 100 40 37 41 1 56 88 56 90 14 56 50 21 67 98 7 95 70 67 3 72 70 34 29 19 84 67 31 33 96 39 10 100 0 79 86 85 0 59 0 81 56 27 45 56 87 24 17 80 70 75 43 19
15 98 8 88 25 58 55 40 99 1 80 51 61 70 88 48 20 51 32 48 26 92 91 21 48 83 8 39 35 75 52 32 59 96 18 56 32 93 87 98 80 41 64 43 68 64 40 68 18 60 24 0 47 76 100 92 66 73 0 19 75 80 7 77 93 66 28 51 12 83 96 86 70 45 9 8 43 25 19 20 40 92 61 13 40 9 4 32 93 45 8 81 88 86 11 38 22 67 67 85
66 9 96 53 7 2 67 55 49 20 18 52 64 10 35 25 99 97 59 63 33 62 20 46 14 96 42 95 43 76 47 50 48 22 73 42 72 12 73 9 4 70 37 10 78 20 31 53 48 87 35 16 6 63 3 69 22 81 21 88 56 66 26 74 61 86 51 39 40 8 5 32 17 79 54 21 80 47 3 20 81 23 97 60 49 90 78 83 2 12 98 41 12 26 29 45 59 45 89 73
49 4 83 41 25 75 21 23 98 38 91 75 93 59 75 83 85 97 79 65 48 70 100 56 77 80 51 33 61 39 36 0 17 66 1 34 34 83 52 12 50 41 4 41 61 38 92 23 4 88 3 12 68 40 49 94 39 4 61 61 40 18 5 45 19 39 85 41 10 40 30 90 69 66 79 62 26 81 20 37 79 6 96 12 82 12 32 67 5 60 87 17 97 57 19 5 36 83 94 54
40 12 11 20 97 97 84 33 2 35 95 77 91 29 64 55 35 41 71 40 55 17 9 85 87 10 19 25 99 85 76 60 14 50 65 98 17 8 23 26 83 87 84 26 13 44 32 64 66 21 92 97 65 23 39 94 100 87 19 37 9 97 14 73 70 10 37 39 80 26 73 100 88 52 61 44 20 39 35 64 45 45 82 80 26 28 40 81 87 22 30 85 23 70 16 55 44 45 72 47
27 21 95 75 59 49 20 60 31 89 82 73 87 74 57 45 70 10 32 21 81 5 98 90 32 42 5 29 74 37 59 31 85 28 89 36 76 39 50 41 50 18 70 17 50 61 42 14 68 49 62 56 32 40 36 38 29 20 5 49 61 78 65 39 38 69 15 26 45 59 88 49 25 59 51 72 77 25 60 23 38 27 64 26 11 51 55 63 5 55 97 2 97 34 44 59 24 39 7 26
27 60 80 33 73 63 39 1 76 34 45 96 17 21 33 99 32 25 84 52 93 41 92 92 99 98 2 42 60 30 11 58 92 68 4 81 71 7 47 6 97 14 94 16 16 69 32 0 8 11 80 83 74 9 82 32 7 70 56 58 28 0 6 49 42 5 67 59 95 65 25 72 54 73 19 10 84 50 81 81 2 82 79 48 20 21 60 66 59 5 61 55 86 80 3 35 91 95 23 56
46 61 86 16 56 16 93 64 37 69 40 16 8 54 83 92 65 65 47 97 7 79 52 70 14 23 10 34 8 8 11 52 19 49 12 55 31 86 63 100 17 49 66 10 31 34 58 82 41 96 6 95 22 25 97 81 70 22 10 78 23 28 21 91 67 66 53 28 49 72 75 61 47 84 79 26 72 23 90 26 62 1 87 6 99 78 99 49 64 65 5 36 25 44 65 8 88 32 22 59
30 62 89 22 82 47 99 30 63 43 4 72 1 11 44 98 79 56 52 36 100 87 51 91 15 32 92 27 61 20 58 100 75 71 95 45 12 73 49 54 11 77 33 18 34 36 40 98 52 38 92 58 84 94 4 90 14 58 5 37 81 4 97 44 91 42 46 10 47 6 54 65 45 14 54 67 60 35 9 55 69 29 61 97 38 8 29 25 71 34 66 64 77 53 40 32 0 5 51 46
68 56 65 32 34 7 6 77 10 26 1 15 22 5 92 11 50 85 76 66 51 28 10 67 87 77 29 58 33 30 76 30 56 76 38 26 28 71 34 80 32 67 38 61 94 23 18 66 48 100 94 11 33 27 36 12 85 82 9 80 5 96 43 73 45 56 14 99 83 41 77 81 10 18 6 60 98 93 40 43 86 42 4 79 30 58 65 70 8 87 96 10 70 2 79 50 58 0 95 72
69 61 93 92 92 45 38 12 68 13 31 60 94 88 73 80 12 57 53 65 92 99 55 48 84 73 24 10 59 35 23 26 40 45 86 64 14 29 1 100 84 43 72 85 11 86 41 5 36 88 29 75 45 6 88 77 42 13 89 49 85 55 19 79 81 32 8 64 45 94 80 83 51 47 48 17 32 32 31 14 93 74 38 43 2 53 12 4 2 86 99 76 2 3 46 53 73 75 96 75
61 28 26 14 66 46 79 86 97 7 62 59 86 64 62 94 36 15 33 1 55 81 47 55 32 49 72 81 94 96 14 37 90 69 53 60 85 100 56 21 43 97 59 20 71 66 24 44 24 32 66 42 43 47 57 36 65 67 61 7 33 27 45 50 85 60 45 3 65 41 93 21 44 51 78 25 55 10 54 28 93 55 7 14 59 37 96 23 80 63 29 56 1 11 29 31 52 30 36 27
82 75 20 47 70 50 10 36 22 76 62 5 8 73 52 68 89 10 39 7 99 55 35 78 75 94 46 17 70 23 96 28 85 41 38 46 84 84 23 16 13 36 38 70 65 7 66 68 79 39 17 29 69 35 72 48 52 15 72 94 50 34 42 15 63 100 32 75 86 0 39 100 95 85 10 26 13 18 92 42 81 14 50 71 21 49 54 63 98 13 64 100 84 23 41 54 64 30 77 78
86 30 59 62 18 65 51 51 83 13 66 68 53 72 39 2 4 28 84 73 81 57 72 38 35 35 20 62 4 33 18 97 56 31 76 28 87 78 2 8 84 11 50 86 91 95 41 35 75 75 19 51 28 59 18 21 32 59 35 6 52 100 100 70 77 63 89 35 94 42 43 4 34 5 29 40 49 40 23 19 65 62 5 30 65 78 41 45 75 43 17 63 68 74 65 12 65 43 86 43
2 77 43 100 7 45 3 86 41 26 66 3 70 39 94 3 82 33 90 18 56 69 61 62 53 99 25 31 75 74 27 14 96 82 46 30 28 61 66 22 58 43 24 92 82 31 53 25 12 73 4 61 87 61 66 11 9 43 70 20 1 71 88 54 96 28 6 49 37 73 26 92 67 72 60 75 84 28 80 16 10 92 100 78 10 85 63 85 45 40 37 66 51 95 33 62 36 30 31 53
58 25 99 1 28 45 42 43 15 62 58 88 0 17 31 48 29 32 14 71 37 4 95 28 43 70 83 41 43 20 42 54 27 30 31 100 75 3 48 5 37 56 12 17 74 6 3 53 66 77 98 37 60 45 100 85 21 61 46 27 39 18 63 10 94 11 8 99 7 100 37 83 65 5 69 51 79 63 13 72 37 60 54 11 80 86 37 72 85 6 17 6 11 75 54 44 39 65 54 85
66 14 31 90 33 76 13 70 71 43 98 12 85 81 39 15 47 17 67 86 32 98 28 1 52 24 61 87 69 98 98 39 71 2 22 53 3 56 34 24 52 37 94 39 75 72 76 85 65 63 44 39 8 99 97 31 82 42 31 52 36 22 89 19 0 61 63 1 83 78 23 18 85 56 2 20 42 44 9 94 55 41 76 6 2 23 23 72 67 87 50 41 57 18 95 48 49 99 56 61
66 62 85 31 50 95 17 86 29 30 86 2 15 89 51 65 54 51 7 90 52 75 44 26 29 79 43 22 54 78 51 82 62 33 97 7 97 3 87 62 49 25 64 43 43 59 39 11 14 46 84 1 85 87 1 25 94 21 29 44 35 91 23 33 16 29 21 100 86 63 51 49 33 72 100 46 32 96 36 81 80 84 54 9 31 67 17 80 95 25 41 56 87 49 9 100 4 57 6 32
0 90 27 97 56 46 32 30 70 61 93 76 93 29 6 46 39 62 82 27 34 5 9 73 19 7 3 89 35 50 100 35 64 53 6 24 11 39 100 95 80 44 19 15 43 41 58 24 10 80 3 82 59 95 81 40 46 67 70 0 67 33 1 91 88 6 86 23 96 85 93 85 84 63 33 28 69 0 61 3 76 62 91 19 73 5 51 27 21 82 30 52 74 62 64 62 64 30 18 97
53 6 46 58 42 90 87 32 46 100 26 96 70 46 61 91 84 59 88 90 100 58 16 96 12 68 32 4 46 11 33 88 75 10 68 50 59 99 39 15 18 40 88 100 56 59 97 25 76 0 10 38 44 84 67 32 17 35 63 3 30 81 45 26 84 44 6 75 91 28 5 79 39 90 98 76 23 26 63 92 77 73 52 74 26 92 79 77 34 60 97 94 84 59 30 84 78 70 10 88
25 64 86 55 26 67 61 42 20 55 54 2 26 70 72 81 13 15 49 88 24 49 40 0 72 67 25 59 38 37 53 23 1 17 43 14 76 66 29 88 59 56 69 89 100 65 62 38 85 85 8 78 50 81 41 24 96 54 1 33 92 38 83 97 62 70 10 56 5 60 69 41 78 11 34 64 95 97 40 8 92 52 90 53 10 27 6 42 7 76 85 15 16 48 81 3 72 43 92 100
91 16 77 25 24 11 9 17 14 18 27 59 50 100 46 64 18 98 35 75 35 7 75 26 8 43 18 24 94 84 43 0 26 54 5 79 49 37 24 21 62 47 11 62 69 23 36 10 34 89 28 24 80 0 97 44 36 16 36 80 52 56 66 29 32 50 22 58 39 0 27 2 96 12 52 58 55 83 25 92 93 87 67 68 21 74 50 68 49 82 39 12 87 1 14 31 25 90 4 83
51 76 9 37 15 1 57 32 13 42 39 37 55 4 79 23 96 17 61 56 16 38 15 32 65 42 81 81 80 5 36 16 20 31 99 67 77 14 16 17 60 43 4 62 43 79 97 99 30 67 50 99 9 93 40 35 44 86 87 64 65 15 18 48 22 68 31 98 97 26 32 98 69 43 74 35 67 65 77 92 36 34 48 94 35 73 44 32 33 43 64 9 12 21 80 32 80 0 74 37
54 63 55 17 81 64 3 86 50 79 3 23 59 92 18 88 2 16 57 34 31 90 20 61 65 80 69 49 98 57 72 65 28 75 42 81 62 72 27 51 65 51 66 75 29 52 34 89 61 17 49 17 27 24 83 16 55 88 10 81 84 2 45 55 90 85 59 96 13 44 17 28 24 38 61 69 72 58 93 87 5 19 85 57 87 70 39 84 2 97 92 94 38 48 50 69 18 1 6 71
7 69 93 97 61 3 95 99 48 84 22 96 36 70 46 15 92 87 95 9 32 97 87 44 23 98 15 17 55 76 66 56 87 38 51 39 47 80 7 33 55 39 53 16 4 95 66 38 61 70 5 96 89 23 80 86 66 70 69 65 52 74 82 46 75 86 64 23 71 22 3 33 88 9 11 23 47 56 21 59 53 35 84 56 57 65 16 35 55 55 14 100 35 10 3 15 57 65 72 40
88 88 37 19 41 37 98 27 54 57 96 85 33 32 44 3 4 0 98 39 14 38 9 20 14 72 51 53 99 74 16 26 35 23 1 26 73 15 42 46 45 35 84 49 40 8 7 53 35 20 10 95 39 35 38 46 68 41 18 42 15 49 5 55 97 77 90 27 68 98 37 22 13 73 89 43 29 25 1 69 30 75 89 26 74 39 12 61 66 93 14 23 47 100 67 98 63 65 29 79
11 14 45 0 100 81 76 89 91 47 43 78 59 79 7 49 40 26 47 56 51 77 40 38 43 47 54 27 99 62 19 69 36 34 40 72 44 98 57 63 3 51 82 15 26 88 11 85 41 61 8 68 37 6 73 37 35 29 84 93 44 80 14 57 46 14 79 88 33 98 31 57 4 29 57 17 73 20 42 50 11 67 41 14 15 72 57 7 45 79 74 62 54 7 95 50 18 88 68 46
52 37 42 31 43 77 29 81 58 100 28 70 52 34 47 91 86 65 49 29 2 68 40 31 4 5 38 44 47 7 30 40 26 1 74 29 73 23 15 34 34 7 0 34 1 39 52 13 53 16 31 45 31 1 3 8 32 29 28 39 40 1 71 25 28 88 40 45 86 51 42 52 87 33 65 89 53 43 3 55 24 59 51 33 56 73 100 52 42 9 87 79 55 35 96 58 32 62 93 7
2 57 86 37 3 21 73 52 92 6 49 39 62 96 44 34 41 1 47 3 67 87 67 18 36 13 66 48 69 20 27 78 9 81 37 97 13 25 46 41 66 35 82 21 0 100 25 0 56 71 84 35 17 17 15 63 52 71 8 69 70 72 53 74 1 45 89 18 1 80 24 46 56 9 72 96 67 85 42 35 68 96 21 32 11 37 8 60 60 13 14 56 80 2 32 47 44 85 74 65
93 4 40 6 16 28 33 11 44 53 23 22 74 33 18 24 54 6 71 38 46 32 99 24 56 51 57 17 42 28 81 18 68 72 25 4 54 61 66 82 15 46 47 22 89 7 16 10 81 11 37 6 61 84 75 99 87 71 68 5 71 22 32 91 22 80 1 94 29 65 97 24 9 86 21 68 39 30 8 52 48 96 100 5 82 37 76 37 55 1 45 95 28 27 7 82 35 46 14 81
86 12 82 32 18 39 20 39 54 21 76 2 20 68 54 73 5 31 26 52 99 88 5 60 38 1 84 54 58 68 45 18 60 8 58 24 80 10 71 67 15 66 64 81 51 83 2 5 44 86 92 7 97 30 54 3 91 63 26 72 12 31 30 7 63 15 27 84 95 85 83 22 91 76 20 16 59 46 65 92 53 10 47 96 23 41 27 46 53 100 48 19 91 49 59 39 33 49 18 83
14 46 73 35 39 89 53 41 69 3 81 9 23 83 38 52 44 71 67 35 26 54 22 47 98 46 84 81 5 87 87 10 88 93 20 80 98 61 97 55 57 64 51 4 6 86 1 62 9 56 82 63 44 4 87 38 41 70 14 22 40 34 72 8 48 90 56 0 70 49 53 52 32 85 1 67 79 7 36 94 94 74 44 89 58 27 90 33 41 14 5 4 58 88 62 75 99 31 56 65
52 37 16 92 50 78 27 1 91 92 48 24 23 76 84 72 16 75 71 15 11 57 15 90 23 67 72 84 69 72 28 33 54 85 98 96 54 9 29 56 21 43 45 87 66 61 87 37 41 67 46 13 34 5 57 9 10 42 31 95 73 21 3 51 84 27 99 22 29 75 11 5 69 13 82 10 66 78 78 100 50 94 14 20 89 71 45 83 0 30 44 1 47 75 32 98 13 39 50 56
57 18 63 26 86 50 63 66 99 62 13 11 91 43 28 47 65 95 52 3 28 36 84 28 1 58 0 23 97 54 5 88 23 35 70 84 65 85 5 100 99 57 86 97 85 62 65 94 72 46 31 26 77 10 21 92 10 13 23 7 36 48 71 35 66 10 64 96 82 21 76 62 70 32 7 1 15 31 90 37 73 74 54 67 36 97 2 29 3 64 50 39 36 92 40 37 85 60 68 8
52 19 7 4 16 47 92 64 0 76 14 68 22 93 56 97 0 7 52 4 15 6 79 16 36 95 42 36 7 27 34 95 11 84 13 71 2 21 8 49 94 89 43 68 78 31 35 12 95 31 94 30 20 81 86 42 61 28 65 97 52 54 44 58 29 26 0 15 74 96 36 21 43 33 31 55 63 54 73 55 93 93 46 51 77 81 10 98 1 75 42 73 92 0 48 37 93 92 90 100
2 8 31 38 44 18 41 25 26 62 70 19 81 28 58 2 18 3 4 60 78 64 28 76 20 49 36 5 79 76 31 61 47 77 19 20 98 15 71 7 58 58 5 84 62 34 92 4 95 12 43 80 53 88 4 20 76 64 98 83 99 35 87 53 21 55 27 11 14 83 16 2 64 100 13 52 37 50 20 56 34 55 48 18 100 49 36 62 17 40 63 23 8 8 36 22 96 99 73 9
45 96 78 37 57 24 74 32 92 69 37 52 63 65 51 91 21 17 34 55 76 58 8 13 12 64 55 86 29 74 83 68 6 42 41 31 87 81 47 7 56 63 79 19 73 1 81 4 1 74 75 65 57 7 47 14 92 93 100 50 24 100 85 67 0 52 43 96 50 47 98 64 30 56 64 18 86 44 91 59 27 89 100 41 0 73 57 74 21 85 96 61 25 26 88 35 95 31 70 81
38 30 76 80 30 91 75 65 67 45 2 3 88 30 33 73 20 8 52 78 83 78 40 5 81 35 9 9 34 78 20 29 39 72 9 32 11 80 85 77 4 70 84 37 98 34 95 62 42 69 2 37 83 61 27 12 78 79 10 3 14 84 23 38 42 79 81 19 11 89 29 19 49 26 73 98 54 13 43 39 2 59 12 86 81 28 3 24 54 42 60 51 30 64 7 8 38 73 61 27
73 97 42 18 75 73 83 84 41 66 81 74 90 95 72 79 28 72 71 91 99 58 13 17 95 24 59 66 52 13 22 61 92 22 9 20 88 45 65 76 35 19 31 84 3 78 48 86 56 31 35 8 100 64 34 57 85 14 60 73 74 24 88 29 53 36 59 30 60 31 97 88 23 27 89 80 0 14 22 67 56 15 41 19 30 45 43 65 53 45 6 1 1 99 11 56 72 83 13 56
42 46 45 42 3 53 76 27 61 82 71 23 19 98 0 55 72 16 52 29 11 81 70 8 34 12 37 21 51 74 21 20 40 33 100 20 44 0 20 82 45 57 60 25 55 53 51 34 6 25 66 87 85 64 9 89 99 17 40 16 59 12 71 72 23 30 52 35 40 26 30 48 40 31 80 11 63 50 96 66 68 68 73 56 87 89 97 42 10 54 77 25 7 66 57 27 25 57 0 39
82 36 42 66 22 77 28 13 14 57 37 53 27 12 59 98 63 42 41 1 54 80 34 74 59 41 73 82 76 84 8 50 63 15 43 99 96 21 91 98 92 5 19 25 49 69 78 68 50 60 6 35 52 29 99 89 28 31 6 9 31 31 88 52 88 15 45 71 90 1 83 7 76 33 58 44 12 4 6 49 100 28 51 10 29 27 1 29 16 8 100 41 44 1 19 84 37 61 67 64
97 46 48 42 21 10 74 26 71 22 85 78 24 92 65 65 29 20 89 38 8 87 77 71 43 83 36 53 98 42 3 46 74 15 8 3 59 33 11 29 48 79 35 18 22 90 38 43 84 2 9 37 97 49 65 25 15 51 46 67 43 18 9 67 23 27 6 26 90 52 24 77 64 59 99 31 71 28 1 17 63 16 68 40 58 94 9 85 61 45 26 0 29 48 69 100 4 82 7 26
89 0 27 36 37 35 97 79 8 12 32 17 92 25 19 32 72 99 54 9 23 64 60 95 34 9 76 12 97 48 18 21 92 39 95 88 44 44 57 16 87 94 17 61 82 14 33 73 92 26 75 23 73 100 92 51 20 38 71 10 4 90 65 93 14 22 77 77 55 85 58 98 100 76 55 85 37 59 8 16 55 18 100 19 56 74 86 29 95 3 88 31 91 91 18 41 53 16 14 99
24 28 99 78 19 40 87 100 64 18 95 28 79 53 24 80 67 22 63 56 71 25 96 100 36 4 24 66 76 1 10 4 1 19 37 44 38 75 66 28 1 20 37 36 7 64 61 93 71 40 80 56 8 51 69 14 48 5 51 69 19 87 29 27 58 29 18 95 100 50 40 87 12 44 2 32 33 38 60 17 72 69 60 97 58 31 53 49 41 63 60 6 14 70 68 64 50 31 56 38
56 77 6 84 20 32 90 28 59 75 7 87 57 69 75 26 90 89 41 90 61 20 0 99 85 52 61 94 54 39 11 71 8 2 14 58 99 30 40 16 19 63 33 85 1 99 48 8 85 82 40 6 36 5 43 64 63 15 43 77 22 31 85 96 45 47 78 33 94 99 32 13 30 61 33 28 5 93 14 25 40 2 84 45 7 84 52 77 59 87 12 84 61 8 41 15 70 16 76 59
57 46 98 87 82 27 78 7 66 45 78 40 38 13 7 20 31 87 27 69 53 60 3 60 81 17 16 28 73 26 63 83 64 33 4 28 15 7 14 18 100 100 44 59 37 71 26 53 84 45 96 59 33 54 39 36 92 76 29 20 75 40 79 78 80 57 49 28 21 19 13 70 39 53 42 16 67 93 35 99 85 16 75 81 22 88 100 31 65 66 62 79 90 100 4 17 66 1 67 31
82 74 80 26 16 83 44 74 49 54 38 22 93 83 43 35 61 28 75 23 57 73 82 30 34 26 71 54 52 40 93 62 100 36 97 84 10 27 30 64 20 68 99 50 51 28 94 53 47 15 41 2 46 82 65 52 67 99 75 50 8 48 37 84 3 17 77 6 82 5 81 18 72 50 81 27 71 45 15 74 39 100 56 7 81 13 40 58 72 48 27 76 59 37 61 40 88 23 79 97
93 70 0 7 45 29 56 55 24 89 98 33 70 49 63 8 44 87 25 16 66 99 26 51 49 95 57 33 61 38 20 65 100 86 49 62 97 57 38 62 58 5 88 7 18 1 40 31 39 21 26 29 7 59 14 34 50 59 40 98 99 21 57 59 40 48 89 0 68 53 33 89 54 3 42 21 56 47 30 9 6 95 4 60 63 50 29 97 49 37 66 52 39 80 8 37 10 2 55 6
27 49 20 10 97 59 24 29 81 93 2 6 85 43 73 0 99 92 63 70 93 5 41 0 64 66 70 15 15 65 36 69 73 82 98 13 34 31 60 62 29 3 17 36 85 46 33 14 8 15 5 21 15 40 36 77 98 94 22 22 28 79 90 3 23 98 6 9 96 83 24 76 25 86 45 44 88 18 75 12 80 35 76 68 66 98 5 72 44 85 73 74 96 1 38 33 18 96 87 72
46 86 93 29 82 23 90 49 82 0 99 55 70 97 22 55 29 39 81 10 30 17 45 75 23 7 53 34 93 3 12 51 30 31 46 47 6 85 69 63 97 78 96 39 57 56 49 89 68 74 16 84 28 8 47 60 51 72 75 96 84 100 25 3 18 86 13 3 12 57 6 93 88 77 14 28 98 60 80 30 2 68 4 43 42 17 42 16 41 40 100 37 56 81 9 56 95 69 52 23
91 62 95 37 13 68 16 70 25 97 77 42 3 54 98 70 57 14 81 35 15 75 38 10 32 70 53 4 82 59 27 5 79 42 37 56 86 6 34 17 70 55 6 89 43 52 10 96 3 61 24 22 76 77 2 56 64 71 94 98 52 72 92 76 9 40 21 40 96 35 82 6 16 81 55 86 26 18 36 49 95 21 73 66 62 98 77 51 2 21 14 60 73 98 100 89 46 97 17 4
60 11 14 96 59 31 43 9 9 51 59 51 9 69 22 16 39 31 15 25 92 3 49 6 23 25 24 68 99 12 74 71 90 27 81 43 50 12 47 45 89 17 21 90 5 20 11 40 54 96 78 39 47 100 59 6 68 48 45 98 70 22 32 47 68 96 74 28 93 26 58 40 67 59 69 58 55 68 19 86 88 40 28 58 34 83 14 82 91 77 41 50 77 21 53 58 77 71 68 71
50 0 24 96 87 62 9 42 43 70 50 46 81 23 65 1 9 66 71 86 55 25 66 31 48 71 84 52 88 13 4 54 96 84 3 0 79 61 13 34 78 83 25 37 44 78 75 94 95 40 25 67 7 63 60 80 96 10 20 56 1 59 33 49 8 34 16 6 89 35 78 64 48 74 59 25 53 62 83 78 18 82 24 6 53 54 20 18 80 63 22 42 69 28 4 0 97 26 69 30
88 12 97 26 22 87 83 96 40 59 42 84 13 13 85 25 58 86 50 93 86 89 86 11 38 68 46 35 54 92 29 51 72 34 28 19 95 2 62 13 62 79 55 49 1 75 75 72 9 85 66 63 47 11 5 53 66 10 55 63 66 36 64 74 50 7 33 63 20 98 60 59 36 74 71 97 85 89 26 40 23 6 66 59 6 8 59 50 91 10 39 36 66 26 67 97 65 16 78 100
46 45 87 33 20 57 82 78 27 98 15 33 26 56 81 43 2 71 83 30 26 17 93 3 31 84 25 77 15 91 6 67 49 93 74 81 0 88 42 10 62 60 23 26 92 9 9 40 23 84 93 15 86 35 42 96 73 30 3 17 26 5 21 14 97 32 15 89 12 90 14 6 31 76 64 99 33 36 4 100 76 47 93 40 79 60 47 51 98 85 56 37 46 13 21 35 71 90 34 40
53 93 49 5 79 71 70 59 69 35 8 63 65 35 74 15 46 87 47 24 23 5 33 91 59 8 13 25 42 68 77 91 76 64 3 22 7 68 39 71 40 20 12 63 34 46 89 35 12 84 48 37 94 23 92 33 81 15 50 72 100 31 20 84 77 4 22 56 99 64 36 83 92 59 56 52 74 90 32 33 100 37 89 79 50 51 81 29 8 26 82 5 61 29 43 82 28 99 63 75
95 10 16 70 16 6 1 15 7 43 68 42 27 72 95 99 75 74 77 68 41 44 84 19 61 40 30 77 43 64 73 7 52 85 89 76 16 94 90 6 43 70 6 61 0 97 66 5 58 37 68 77 60 94 42 83 6 14 49 91 20 56 16 3 8 63 89 64 48 60 40 39 91 55 24 57 90 45 35 5 90 9 82 89 97 51 29 44 43 52 68 37 38 42 0 2 7 75 20 40
3 4 26 91 91 42 52 100 97 88 35 73 87 62 72 45 83 73 25 16 56 88 29 62 35 8 4 91 24 91 5 89 100 61 81 75 21 53 46 5 55 36 33 26 99 10 84 35 81 32 14 38 95 69 59 61 1 58 93 65 72 98 65 51 75 41 12 81 63 63 46 17 5 70 78 71 2 33 11 39 18 18 76 66 19 22 35 93 19 50 40 62 52 56 17 69 79 95 93 56
25 30 88 69 17 51 9 9 41 3 57 65 9 19 20 6 18 22 16 98 95 42 29 75 72 0 16 75 88 4 11 95 31 16 66 35 75 0 77 17 25 28 9 26 49 70 26 74 31 9 87 31 25 19 73 66 55 19 59 44 4 29 77 13 52 100 4 71 21 35 89 77 12 52 1 52 62 48 87 77 51 76 58 39 74 42 18 40 82 45 30 29 10 100 94 42 33 10 98 87
98 87 9 66 37 79 21 35 10 37 49 7 9 26 36 7 33 5 8 50 70 70 75 72 67 25 86 46 4 53 100 66 40 10 45 77 30 78 8 98 20 88 78 44 78 7 67 72 61 4 97 83 59 8 75 96 91 77 25 56 75 92 83 60 55 67 13 2 98 99 36 50 41 97 69 97 33 26 51 10 90 33 9 23 27 55 86 55 49 6 24 65 52 3 87 6 84 34 73 35
97 28 36 16 37 24 83 9 50 75 3 67 72 97 63 53 74 33 52 53 51 60 37 61 74 51 48 65 28 63 15 58 65 88 77 66 54 35 41 89 22 26 26 35 77 82 17 43 36 67 10 61 69 26 26 33 73 3 72 96 56 79 56 37 77 2 12 19 79 80 11 12 69 95 7 1 80 17 69 36 11 68 21 84 98 66 83 78 30 60 34 78 54 90 4 16 82 19 16 17
24 76 8 38 44 52 46 56 22 19 27 71 62 84 6 100 87 89 62 80 84 36 33 66 50 82 63 100 20 52 79 29 97 19 36 47 6 31 97 67 95 35 100 56 35 50 89 38 49 37 20 43 19 36 38 28 85 7 92 5 18 2 35 81 13 44 96 25 48 27 40 48 31 71 7 96 29 28 42 22 26 65 99 27 40 1 63 17 100 60 38 89 0 37 33 99 58 68 17 54
33 35 55 94 44 38 9 10 71 36 9 22 44 1 75 57 25 85 56 54 0 26 58 92 73 38 62 48 1 47 35 85 23 61 16 27 77 39 21 1 25 8 79 53 58 22 44 65 13 68 16 42 79 87 31 99 48 35 30 62 0 36 55 70 66 65 48 5 9 74 6 79 74 70 9 28 11 0 37 47 90 89 49 47 2 64 70 84 88 42 97 7 57 2 87 20 73 16 77 44
13 86 75 53 46 98 52 66 34 73 62 16 2 61 85 69 31 97 93 76 54 12 92 86 38 47 49 25 34 94 21 89 75 21 94 76 52 76 42 65 38 10 59 11 80 81 17 52 17 54 18 51 28 3 91 30 99 80 96 91 4 90 46 41 42 6 63 31 0 69 29 16 72 38 70 88 66 19 18 75 94 93 44 73 7 75 43 13 90 46 34 80 47 99 33 98 53 99 27 9
49 7 43 56 40 15 71 70 90 33 46 99 49 8 9 20 24 27 41 48 100 53 27 60 53 10 18 27 96 8 31 21 11 47 84 12 29 88 9 20 47 1 13 11 3 46 34 77 95 89 36 17 61 82 54 0 10 31 57 66 62 93 42 40 44 90 35 79 25 10 5 38 46 66 92 12 91 0 31 10 93 66 4 76 47 24 7 44 93 65 24 96 58 16 40 8 93 95 34 3
16 50 20 58 20 74 18 88 85 56 81 57 87 7 36 52 35 18 80 100 12 18 52 76 52 34 34 95 55 75 49 31 42 35 57 64 30 2 88 44 85 67 94 53 58 22 75 39 58 89 13 56 18 97 2 68 44 12 0 91 78 10 81 76 41 82 72 23 29 30 38 55 40 10 83 66 0 44 17 7 84 28 18 40 44 36 87 9 19 75 69 2 59 43 33 23 81 36 15 15
77 30 19 93 9 99 50 100 64 47 4 85 69 93 11 52 64 13 56 0 21 21 76 96 81 24 11 59 99 42 80 30 51 71 95 23 28 27 53 11 1 85 96 3 54 24 17 48 51 10 90 38 88 13 49 41 0 95 78 33 45 47 91 18 59 11 86 75 69 38 65 29 45 89 65 81 67 55 52 71 24 9 34 43 31 42 16 70 60 20 80 52 71 47 44 41 36 94 97 70
43 41 65 31 24 34 24 66 25 78 15 37 88 71 26 28 13 38 58 90 38 24 77 11 89 42 51 94 36 7 99 98 19 3 49 63 49 76 78 96 40 10 15 85 9 98 24 100 86 87 79 42 95 78 17 41 27 15 12 5 43 40 11 39 50 34 27 13 37 70 36 66 5 62 33 64 4 72 49 19 35 87 32 33 86 11 39 11 78 65 0 38 9 43 18 82 93 4 8 76
92 10 49 9 13 92 16 27 14 91 68 98 38 65 26 77 29 80 100 32 84 84 9 87 66 95 71 51 99 62 13 76 21 73 88 87 10 28 11 22 32 75 51 20 15 33 11 85 97 44 37 49 2 80 90 86 90 14 6 71 90 15 83 36 29 74 85 28 25 7 57 19 82 83 17 4 58 50 74 9 70 81 51 41 16 76 63 1 64 22 29 45 61 96 72 80 63 74 46 58
41 51 8 38 13 35 70 85 51 72 47 95 5 95 32 1 70 42 72 76 31 26 18 24 3 18 79 23 89 74 58 30 22 98 61 55 99 79 76 10 78 86 17 38 1 0 98 10 29 31 83 34 52 85 7 46 58 75 71 48 69 7 98 44 16 11 49 45 17 35 93 83 20 29 77 29 83 73 95 77 28 55 20 76 50 6 79 84 20 20 33 99 13 49 0 79 37 21 85 51
43 98 93 44 35 50 85 28 21 10 59 91 69 71 63 59 28 82 31 100 12 91 49 10 24 25 54 82 86 63 4 38 37 95 77 83 4 45 0 95 73 84 34 81 75 97 66 39 42 7 20 68 0 18 32 59 29 34 47 39 1 1 88 100 6 13 46 41 87 2 38 5 40 6 18 65 66 35 25 65 55 57 20 56 99 98 17 44 32 77 63 93 37 89 88 22 20 18 27 51
46 74 29 69 15 71 35 81 25 98 62 26 40 21 72 4 72 20 88 92 27 31 37 5 9 96 1 85 16 1 64 99 61 90 3 29 71 9 2 59 51 6 25 62 61 4 19 70 9 95 80 49 50 75 54 56 27 8 73 29 58 31 82 60 92 36 1 92 84 54 60 92 34 40 35 0 6 70 71 56 19 42 21 87 70 67 8 33 44 98 16 8 95 25 84 22 55 79 91 38
16 99 10 13 59 85 64 75 80 33 92 95 58 42 30 64 42 67 50 53 4 83 34 38 51 87 20 31 0 94 87 59 77 86 36 82 44 19 3 52 2 20 50 24 72 9 41 90 9 81 38 57 15 43 72 11 47 25 15 36 94 95 65 72 81 99 82 70 16 100 2 26 22 53 71 72 85 40 33 84 19 27 93 0 57 100 45 44 14 0 88 70 3 9 52 72 58 56 84 85
39 9 62 47 73 43 92 81 61 87 66 21 68 7 36 26 96 3 95 83 14 92 43 86 69 58 97 67 72 79 59 36 100 56 64 6 77 6 5 76 16 83 41 14 71 74 17 84 34 15 11 7 98 49 28 4 8 76 34 18 39 53 64 45 20 83 40 49 61 71 54 98 100 15 79 24 36 0 98 95 25 69 5 47 33 85 94 29 47 97 20 16 37 26 28 20 91 77 66 76
